37
151.272  206.237  174.675  215.584
406.229  294.243  428.111  295.22
454.834  211.019  473.094  219.913
422.996  160.305  438.977  169.413
414.974  161.36  431.16  170.261
407.581  172.486  423.124  183.408
385.204  194.727  400.586  205.267
424.972  159.245  440.655  168.609
477.012  212.663  495.949  221.746
426.263  160.383  441.918  169.732
487.45  212.932  503.915  221.411
406.515  168.66  421.765  180.9
477.107  212.583  496.161  221.502
436.137  160.07  451.652  169.73
453.3  215.247  472.152  224.034
427.77  159.223  441.918  169.732
488.332  212.929  503.915  221.411
494.71  218.31  513.72  226.908
386.995  196.501  401.009  209.487
453.682  215.599  472.152  224.034
395.985  177.062  412.371  185.597
445.809  155.759  461.551  165.566
433.437  238.936  453.662  246.807
398.769  174.604  414.619  183.782
477.012  212.663  496.888  220.983
403.309  179.964  415.824  197.333
403.22  179.179  415.824  197.333
386.219  196.441  401.009  209.487
400.543  171.979  415.708  182.563
445.192  155.489  461.551  165.566
487.627  214.007  502.788  223.29
413.162  167.894  431.494  176.674
390.598  192.847  405.099  206.214
451.611  212.307  472.211  220.462
431.63  292.597  382.008  118.421
430.576  166.066  418.077  197.029
403.22  179.179  415.824  197.333
